{
  "columns": ["first_edge", "second_edge", "value"],
  "data": [
    [0, 0, -648.47203577407674],
    [0, 1, -91.67222174746901],
    [0, 2, -94.990391542625275],
    [0, 3, -36.037551361386321],
    [0, 4, -17.943175176787452],
    [0, 5, -27.496042075743503],
    [0, 6, 327.45420013914026],
    [1, 0, -91.67222174746901],
    [1, 1, -13.992145975747837],
    [1, 2, 4.5629491563467877],
    [1, 3, 2.0860488401717858],
    [1, 4, 0.44083166972016258],
    [1, 5, 1.597559244562277],
    [1, 6, -19.596690651680351],
    [2, 0, -94.990391542625275],
    [2, 1, 4.5629491563467877],
    [2, 2, -14.972857987455788],
    [2, 3, 0.86440955998711655],
    [2, 4, -10.592508779346366],
    [2, 5, 0.769041637659997],
    [2, 6, -19.689549342546478],
    [3, 0, -36.037551361386321],
    [3, 1, 2.0860488401717858],
    [3, 2, 0.86440955998711655],
    [3, 3, -2.5460286441744509],
    [3, 4, 0.15242976089920596],
    [3, 5, 2.4708182815963196],
    [3, 6, -30.81113348372693],
    [4, 0, -17.943175176787452],
    [4, 1, 0.44083166972016258],
    [4, 2, -10.592508779346366],
    [4, 3, 0.15242976089920596],
    [4, 4, -17.394733675438257],
    [4, 5, 5.423429066319148],
    [4, 6, -84.459138569770687],
    [5, 0, -27.496042075743503],
    [5, 1, 1.597559244562277],
    [5, 2, 0.769041637659997],
    [5, 3, 2.4708182815963196],
    [5, 4, 5.423429066319148],
    [5, 5, -3.8125528301016329],
    [5, 6, -38.85396462423769],
    [6, 0, 327.45420013914026],
    [6, 1, -19.596690651680351],
    [6, 2, -19.689549342546478],
    [6, 3, -30.81113348372693],
    [6, 4, -84.459138569770687],
    [6, 5, -38.85396462423769],
    [6, 6, -417.47059757362092]]
}
