|    |   first_edge |   second_edge |                  value |
|---:|-------------:|--------------:|-----------------------:|
|  0 |            0 |             0 | -648.47203577407674    |
|  1 |            0 |             1 |  -91.67222174746901    |
|  2 |            0 |             2 |  -94.990391542625275   |
|  3 |            0 |             3 |  -36.037551361386321   |
|  4 |            0 |             4 |  -17.943175176787452   |
|  5 |            0 |             5 |  -27.496042075743503   |
|  6 |            0 |             6 |  327.45420013914026    |
|  7 |            1 |             0 |  -91.67222174746901    |
|  8 |            1 |             1 |  -13.992145975747837   |
|  9 |            1 |             2 |    4.5629491563467877  |
| 10 |            1 |             3 |    2.0860488401717858  |
| 11 |            1 |             4 |    0.44083166972016258 |
| 12 |            1 |             5 |    1.597559244562277   |
| 13 |            1 |             6 |  -19.596690651680351   |
| 14 |            2 |             0 |  -94.990391542625275   |
| 15 |            2 |             1 |    4.5629491563467877  |
| 16 |            2 |             2 |  -14.972857987455788   |
| 17 |            2 |             3 |    0.86440955998711655 |
| 18 |            2 |             4 |  -10.592508779346366   |
| 19 |            2 |             5 |    0.769041637659997   |
| 20 |            2 |             6 |  -19.689549342546478   |
| 21 |            3 |             0 |  -36.037551361386321   |
| 22 |            3 |             1 |    2.0860488401717858  |
| 23 |            3 |             2 |    0.86440955998711655 |
| 24 |            3 |             3 |   -2.5460286441744509  |
| 25 |            3 |             4 |    0.15242976089920596 |
| 26 |            3 |             5 |    2.4708182815963196  |
| 27 |            3 |             6 |  -30.81113348372693    |
| 28 |            4 |             0 |  -17.943175176787452   |
| 29 |            4 |             1 |    0.44083166972016258 |
| 30 |            4 |             2 |  -10.592508779346366   |
| 31 |            4 |             3 |    0.15242976089920596 |
| 32 |            4 |             4 |  -17.394733675438257   |
| 33 |            4 |             5 |    5.423429066319148   |
| 34 |            4 |             6 |  -84.459138569770687   |
| 35 |            5 |             0 |  -27.496042075743503   |
| 36 |            5 |             1 |    1.597559244562277   |
| 37 |            5 |             2 |    0.769041637659997   |
| 38 |            5 |             3 |    2.4708182815963196  |
| 39 |            5 |             4 |    5.423429066319148   |
| 40 |            5 |             5 |   -3.8125528301016329  |
| 41 |            5 |             6 |  -38.85396462423769    |
| 42 |            6 |             0 |  327.45420013914026    |
| 43 |            6 |             1 |  -19.596690651680351   |
| 44 |            6 |             2 |  -19.689549342546478   |
| 45 |            6 |             3 |  -30.81113348372693    |
| 46 |            6 |             4 |  -84.459138569770687   |
| 47 |            6 |             5 |  -38.85396462423769    |
| 48 |            6 |             6 | -417.47059757362092    |
